5.000000 101 w 1
5.010000 101 d 1
5.020000 101 w 1
5.030000 101 d 1
5.040000 101 w 1
5.050000 101 d 1
5.060000 101 w 1
5.070000 101 d 1
5.080000 101 w 1
5.090000 101 d 1
5.100000 101 w 1
5.110000 101 d 1
5.120000 101 w 1
5.130000 101 d 1
5.140000 101 w 1
5.150000 101 d 1
5.160000 101 w 1
5.170000 101 d 1
5.180000 101 w 1
5.190000 101 d 1
5.200000 101 w 1
5.210000 101 d 1
5.220000 101 w 1
5.230000 101 d 1
5.240000 101 w 1
5.250000 101 d 1
5.260000 101 w 1
5.270000 101 d 1
5.280000 101 w 1
5.290000 101 d 1
5.300000 101 w 1
5.310000 101 d 1
5.320000 101 w 1
5.330000 101 d 1
5.340000 101 w 1
5.350000 101 d 1
5.360000 101 w 1
5.370000 101 d 1
5.380000 101 w 1
5.390000 101 d 1
5.400000 101 w 1
5.410000 101 d 1
5.420000 101 w 1
5.430000 101 d 1
5.440000 101 w 1
5.450000 101 d 1
5.460000 101 w 1
5.470000 101 d 1
5.480000 101 w 1
5.490000 101 d 1
5.500000 101 w 1
5.510000 101 d 1
5.520000 101 w 1
5.530000 101 d 1
5.540000 101 w 1
5.550000 101 d 1
5.560000 101 w 1
5.570000 101 d 1
5.580000 101 w 1
5.590000 101 d 1
5.600000 101 w 1
5.610000 101 d 1
5.620000 101 w 1
5.630000 101 d 1
5.640000 101 w 1
5.650000 101 d 1
5.660000 101 w 1
5.670000 101 d 1
5.680000 101 w 1
5.690000 101 d 1
5.700000 101 w 1
5.710000 101 d 1
5.720000 101 w 1
5.730000 101 d 1
5.740000 101 w 1
5.750000 101 d 1
5.760000 101 w 1
5.770000 101 d 1
5.780000 101 w 1
5.790000 101 d 1
5.800000 101 w 1
5.810000 101 d 1
5.820000 101 w 1
5.830000 101 d 1
5.840000 101 w 1
5.850000 101 d 1
5.860000 101 w 1
5.870000 101 d 1
5.880000 101 w 1
5.890000 101 d 1
5.900000 101 w 1
5.910000 101 d 1
5.920000 101 w 1
5.930000 101 d 1
5.940000 101 w 1
5.950000 101 d 1
5.960000 101 w 1
5.970000 101 d 1
5.980000 101 w 1
5.990000 101 d 1
6.000000 101 w 1
6.010000 101 d 1
6.020000 101 w 1
6.030000 101 d 1
6.040000 101 w 1
6.050000 101 d 1
6.060000 101 w 1
6.070000 101 d 1
6.080000 101 w 1
6.090000 101 d 1
6.100000 101 w 1
6.110000 101 d 1
6.120000 101 w 1
6.130000 101 d 1
6.140000 101 w 1
6.150000 101 d 1
6.160000 101 w 1
6.170000 101 d 1
6.180000 101 w 1
6.190000 101 d 1
6.200000 101 w 1
6.210000 101 d 1
6.220000 101 w 1
6.230000 101 d 1
6.240000 101 w 1
6.250000 101 d 1
6.260000 101 w 1
6.270000 101 d 1
6.280000 101 w 1
6.290000 101 d 1
6.300000 101 w 1
6.310000 101 d 1
6.320000 101 w 1
6.330000 101 d 1
6.340000 101 w 1
6.350000 101 d 1
6.360000 101 w 1
6.370000 101 d 1
6.380000 101 w 1
6.390000 101 d 1
6.400000 101 w 1
6.410000 101 d 1
6.420000 101 w 1
6.430000 101 d 1
6.440000 101 w 1
6.450000 101 d 1
6.460000 101 w 1
6.470000 101 d 1
6.480000 101 w 1
6.490000 101 d 1
